+-----+-----+-----+-----+-------------------------+
|  a  |  b  |  c  |  d  |  (a or b) and (c or d)  |
|-----+-----+-----+-----+-------------------------|
|  1  |  1  |  1  |  1  |            1            |
|  1  |  1  |  1  |  0  |            1            |
|  1  |  1  |  0  |  1  |            1            |
|  1  |  1  |  0  |  0  |            0            |
|  1  |  0  |  1  |  1  |            1            |
|  1  |  0  |  1  |  0  |            1            |
|  1  |  0  |  0  |  1  |            1            |
|  1  |  0  |  0  |  0  |            0            |
|  0  |  1  |  1  |  1  |            1            |
|  0  |  1  |  1  |  0  |            1            |
|  0  |  1  |  0  |  1  |            1            |
|  0  |  1  |  0  |  0  |            0            |
|  0  |  0  |  1  |  1  |            0            |
|  0  |  0  |  1  |  0  |            0            |
|  0  |  0  |  0  |  1  |            0            |
|  0  |  0  |  0  |  0  |            0            |
+-----+-----+-----+-----+-------------------------+
